100 241
0 2 1 1 3 852
1 2 2 1 23 256
2 1 3 1
3 1 4 1
4 3 5 1 11 384 85 100
5 2 6 1 28 339
6 2 7 1 26 -41
7 4 8 1 15 -162 56 541 62 -423
8 3 9 1 67 892 84 -389
9 5 10 1 31 793 63 -274 72 -318 83 -233
10 2 11 1 24 604
11 2 12 1 41 498
12 3 13 1 51 991 91 -492
13 3 14 1 39 954 78 15
14 3 15 1 49 -29 55 339
15 2 16 1 60 -254
16 2 17 1 68 -72
17 2 18 1 58 282
18 2 19 1 29 670
19 1 20 1
20 2 21 1 85 -22
21 2 22 1 76 953
22 3 23 1 87 690 92 749
23 3 24 1 26 -109 50 781
24 2 25 1 63 -304
25 3 26 1 32 634 80 387
26 3 27 1 50 -66 53 318
27 2 28 1 59 742
28 5 29 1 42 728 45 -226 72 864 75 849
29 3 30 1 71 656 78 348
30 3 31 1 45 -236 91 -173
31 3 32 1 50 -429 63 320
32 2 33 1 43 -410
33 4 34 1 46 853 52 -329 94 761
34 1 35 1
35 3 36 1 39 819 45 513
36 2 37 1 80 939
37 2 38 1 89 367
38 3 39 1 76 304 96 179
39 4 40 1 76 896 82 285 91 -200
40 2 41 1 95 -231
41 1 42 1
42 1 43 1
43 3 44 1 71 551 88 272
44 4 45 1 50 -138 52 -27 96 581
45 6 46 1 53 907 61 888 62 492 92 662 95 472
46 3 47 1 51 -28 53 463
47 1 48 1
48 4 49 1 67 245 79 313 90 741
49 2 50 1 99 26
50 1 51 1
51 4 52 1 66 274 75 315 88 108
52 4 53 1 74 138 82 -156 98 851
53 4 54 1 66 -24 70 549 76 927
54 1 55 1
55 1 56 1
56 2 57 1 79 -2
57 2 58 1 65 540
58 4 59 1 68 703 89 -266 96 535
59 1 60 1
60 3 61 1 82 55 98 668
61 2 62 1 72 -334
62 1 63 1
63 2 64 1 76 194
64 2 65 1 87 723
65 1 66 1
66 1 67 1
67 4 68 1 74 313 77 -56 81 309
68 2 69 1 75 827
69 3 70 1 95 69 96 -254
70 1 71 1
71 2 72 1 76 306
72 3 73 1 84 108 97 983
73 2 74 1 83 982
74 1 75 1
75 2 76 1 97 -87
76 1 77 1
77 4 78 1 83 -443 88 213 97 700
78 2 79 1 87 -399
79 3 80 1 89 257 90 152
80 1 81 1
81 1 82 1
82 3 83 -136 88 916 91 312
83 5 84 1 90 914 94 -337 95 398 99 740
84 3 85 1 86 298 87 3
85 2 86 1 91 69
86 4 87 1 90 326 91 168 94 -113
87 3 88 1 89 -110 95 459
88 1 89 1
89 4 90 1 91 68 96 -143 98 819
90 4 91 1 94 332 96 664 99 763
91 3 92 1 96 98 97 27
92 3 93 1 94 643 98 610
93 3 94 1 95 725 99 529
94 1 95 1
95 2 96 1 98 780
96 1 97 1
97 1 98 -285
98 1 99 1
99 0
SOURCE 0
