100 230
0 5 92 887 70 656 3 539 2 366 1 -447
1 5 38 41 31 43 17 578 14 139 0 -447
2 4 42 -500 15 702 7 308 0 366
3 5 82 969 98 656 5 106 4 239 0 539
4 4 58 -382 93 429 6 515 3 239
5 7 75 133 73 745 72 -643 81 962 77 -510 61 631 3 106
6 4 72 884 84 918 11 288 4 515
7 6 20 503 37 0 16 -980 12 -462 8 490 2 308
8 6 51 482 86 -68 43 -119 23 337 9 -954 7 490
9 5 52 912 59 782 27 560 10 -362 8 -954
10 6 93 199 85 890 82 85 41 311 33 0 9 -362
11 4 81 549 26 349 24 0 6 288
12 9 52 134 72 239 32 420 35 653 80 343 57 0 34 294 13 561 7 -462
13 7 70 -649 77 63 53 294 40 -483 35 427 20 -944 12 561
14 1 1 139
15 4 28 -430 36 675 32 961 2 702
16 7 68 909 60 320 48 333 44 -824 22 951 19 314 7 -980
17 3 60 737 18 -412 1 578
18 5 64 -569 67 77 63 133 29 -404 17 -412
19 6 92 -904 58 -764 72 64 55 667 21 41 16 314
20 5 37 267 7 503 83 282 54 415 13 -944
21 4 73 503 28 0 25 999 19 41
22 3 53 954 51 552 16 951
23 1 8 337
24 3 78 54 88 -208 11 0
25 3 40 549 45 73 21 999
26 2 87 -560 11 349
27 2 97 -627 9 560
28 3 15 -430 30 584 21 0
29 3 48 245 51 63 18 -404
30 4 89 775 94 553 97 41 28 584
31 3 74 -165 57 201 1 43
32 4 95 167 12 420 52 602 15 961
33 4 97 700 84 311 62 750 10 0
34 4 71 914 90 181 39 -251 12 294
35 7 97 303 12 653 90 324 83 664 75 878 49 26 13 427
36 3 80 750 46 0 15 675
37 2 20 267 7 0
38 3 58 257 42 335 1 41
39 2 56 734 34 -251
40 5 86 -978 25 549 55 -794 59 117 13 -483
41 2 42 83 10 311
42 6 44 473 41 83 2 -500 79 218 99 578 38 335
43 4 57 -777 74 0 47 -849 8 -119
44 5 42 473 93 0 68 -239 76 405 16 -824
45 4 77 943 96 -412 94 650 25 73
46 3 69 895 78 462 36 0
47 4 75 -188 76 -54 50 -721 43 -849
48 7 29 245 86 950 64 218 69 315 63 290 65 503 16 333
49 3 59 501 66 -306 35 26
50 4 97 797 77 -864 79 208 47 -721
51 6 94 -296 8 482 57 429 29 63 73 -150 22 552
52 6 9 912 62 399 12 134 87 387 67 629 32 602
53 5 75 189 72 82 22 954 64 331 13 294
54 1 20 415
55 3 62 624 40 -794 19 667
56 4 73 328 66 0 92 273 39 734
57 5 31 201 43 -777 51 429 89 -786 12 0
58 5 80 249 19 -764 4 -382 63 535 38 257
59 4 49 501 40 117 71 -928 9 782
60 2 17 737 16 320
61 4 71 93 79 964 86 -181 5 631
62 5 55 624 65 233 52 399 95 427 33 750
63 4 68 284 48 290 18 133 58 535
64 6 18 -569 93 0 48 218 87 360 92 -803 53 331
65 3 62 233 80 263 48 503
66 4 56 0 79 212 69 767 49 -306
67 3 18 77 78 133 52 629
68 7 86 931 63 284 73 241 72 559 89 0 44 -239 16 909
69 3 48 315 46 895 66 767
70 3 13 -649 86 727 0 656
71 3 34 914 61 93 59 -928
72 7 95 0 53 82 12 239 6 884 5 -643 68 559 19 64
73 8 56 328 21 503 68 241 99 -413 5 745 77 92 91 575 51 -150
74 3 92 916 31 -165 43 0
75 4 5 133 53 189 47 -188 35 878
76 2 47 -54 44 405
77 7 13 63 45 943 50 -864 93 -5 73 92 78 -315 5 -510
78 5 95 307 24 54 67 133 77 -315 46 462
79 6 89 751 42 218 61 964 66 212 96 -814 50 208
80 6 58 249 36 750 94 -46 65 263 98 -425 12 343
81 6 99 657 11 549 88 0 83 97 95 26 5 962
82 2 3 969 10 85
83 3 20 282 81 97 35 664
84 5 93 221 33 311 92 579 90 610 6 918
85 5 96 14 93 -51 88 -432 90 795 10 890
86 6 68 931 48 950 70 727 40 -978 8 -68 61 -181
87 3 26 -560 64 360 52 387
88 6 81 0 93 -330 89 314 85 -432 96 725 24 -208
89 5 79 751 30 775 88 314 68 0 57 -786
90 7 97 728 99 486 84 610 98 172 85 795 34 181 35 324
91 2 93 638 73 575
92 7 74 916 19 -904 84 579 56 273 94 0 64 -803 0 887
93 11 64 0 44 0 95 539 84 221 98 -989 85 -51 77 -5 10 199 88 -330 91 638 4 429
94 6 51 -296 95 -13 80 -46 30 553 92 0 45 650
95 9 94 -13 32 167 78 307 93 539 72 0 97 -202 99 890 81 26 62 427
96 5 85 14 99 39 45 -412 88 725 79 -814
97 9 27 -627 90 728 33 700 99 152 98 99 95 -202 50 797 35 303 30 41
98 6 97 99 93 -989 99 -790 80 -425 90 172 3 656
99 8 81 657 90 486 97 152 96 39 98 -790 95 890 73 -413 42 578
