Algorithm: CSR
Test file: C:\iit_ropar_doc\CS509_2026CSM1001\allAssignments\assignment1\csr_assignment\tests\csr_100.txt
Graph: V=100 stored entries=480 weighted=no source=0
Degree: min=1 max=9
CSR validation (adj list == CSR): PASSED
row_ptr: 0 6 9 12 15 22 28 30 36 41 45 49 52 58 64 66 73 77 81 87 90 95 103 111 118 120 124 132 136 140 147 154 159 164 169 170 173 176 181 184 189 196 198 199 206 212 216 224 230 239 242 246 253 256 259 266 270 277 282 285 290 292 296 302 306 313 319 323 327 331 335 339 343 349 352 356 360 365 371 375 380 387 393 400 405 412 417 418 424 427 431 437 440 445 451 457 461 467 471 475 480
col_idx: 21 22 39 46 55 63 4 51 93 8 69 78 18 48 70 1 26 30 44 54 67 73 19 30 31 40 66 85 18 63 8 13 22 37 67 87 2 7 22 73 97 51 58 72 85 25 45 60 87 36 84 99 23 37 39 47 79 94 7 48 75 84 86 90 48 77 18 33 34 45 77 80 91 44 45 51 76 28 71 72 97 3 6 15 31 32 72 5 24 39 23 43 70 79 96 0 26 29 42 64 71 84 96 0 7 8 24 53 55 56 63 12 20 35 59 64 74 98 19 22 10 39 56 93 4 21 40 43 48 50 80 84 68 79 82 95 17 49 80 92 21 58 62 64 73 87 90 4 5 48 59 64 83 94 5 18 43 44 93 18 38 62 81 90 15 44 51 54 66 15 23 36 37 11 35 82 7 12 35 77 88 32 48 82 0 12 19 25 65 5 26 54 56 83 85 93 76 96 21 20 26 31 56 74 75 82 4 16 31 33 91 95 10 15 16 80 0 57 69 72 74 81 94 99 12 48 50 60 82 95 3 13 14 26 30 38 47 52 81 28 51 58 26 47 71 89 1 9 16 33 49 53 57 48 54 99 22 51 87 4 33 40 52 62 83 92 0 22 77 92 22 25 40 43 59 76 91 46 51 61 62 99 9 29 49 23 30 56 66 69 10 47 57 80 83 93 29 32 54 57 70 94 0 6 22 69 21 23 29 30 68 82 87 39 81 89 90 93 97 5 33 59 68 4 7 78 90 27 64 66 84 2 46 59 63 3 20 62 81 17 21 50 77 9 17 18 46 87 88 4 8 29 23 43 46 75 13 43 74 94 16 41 56 82 90 14 15 37 55 71 85 2 67 79 88 12 20 27 78 89 15 26 28 45 61 95 96 32 46 48 65 70 98 27 36 38 43 47 64 76 30 40 54 61 89 11 13 21 26 68 85 97 5 9 40 77 84 13 7 10 29 53 64 72 37 72 78 50 65 79 83 13 29 32 65 67 76 15 44 56 28 54 55 94 96 1 25 31 40 61 65 12 30 46 62 75 92 27 44 47 80 20 21 41 80 92 98 8 17 65 84 23 81 96 99 11 46 52 57 98
Preprocessing (adj-list -> CSR) time: 0.020 ms (not counted)
Execution time (CSR scan): 0.001 ms
(average of 4166 run(s))
Scan checksum: 23836.000
