Algorithm: CSR
Test file: csr_assignment\tests\csr_weighted_100.txt
Graph: V=100 stored entries=462 weighted=yes source=0
Degree: min=1 max=10
CSR validation (adj list == CSR): PASSED
row_ptr: 0 6 12 18 20 23 31 35 40 42 48 56 60 67 73 81 83 85 90 94 99 103 112 116 119 127 133 139 146 156 161 166 168 172 179 185 189 191 193 198 205 211 216 222 228 232 237 241 245 248 254 261 264 267 273 278 282 286 288 291 296 300 303 306 309 315 317 321 326 330 333 337 342 345 348 350 351 359 364 370 372 376 385 392 398 399 406 412 414 420 425 429 434 437 440 442 446 451 457 460 462
col_idx: 1 17 24 27 45 90 0 28 55 81 91 96 27 29 34 38 52 85 13 76 15 37 42 6 18 19 26 54 64 67 99 5 51 69 82 21 27 29 30 83 9 25 8 20 32 42 46 88 12 14 33 45 56 57 60 66 40 42 43 82 10 40 51 55 80 88 96 3 18 21 35 49 59 10 23 24 36 47 59 68 86 4 20 22 55 0 38 42 44 50 5 13 25 85 5 57 66 71 97 9 15 71 77 7 13 22 26 47 65 67 68 96 16 21 24 39 14 25 38 0 14 22 27 47 54 65 73 8 18 23 34 68 79 5 21 27 32 78 97 0 2 7 24 26 63 85 1 34 44 49 55 60 62 64 92 93 2 7 41 77 83 7 49 61 64 88 41 86 9 26 53 95 10 36 38 40 56 71 99 2 25 28 35 83 95 13 34 39 50 14 33 4 39 2 17 23 33 67 22 35 37 48 83 88 90 11 12 33 84 85 98 29 31 43 75 91 4 9 11 17 46 89 11 41 50 71 73 90 17 28 54 89 0 10 69 87 89 9 42 58 59 14 21 24 54 39 49 86 13 28 30 48 61 97 17 35 43 67 78 88 98 6 12 68 2 71 85 32 66 78 80 83 92 5 24 44 47 81 1 12 16 28 10 33 76 86 10 19 46 77 93 13 14 46 60 81 10 28 59 91 30 49 91 28 69 80 27 70 76 5 28 30 70 72 82 21 24 10 19 53 78 5 21 38 50 87 14 21 25 51 6 45 62 63 64 74 83 19 20 33 43 52 64 73 88 24 43 72 70 81 41 3 56 63 77 81 82 95 97 20 29 58 76 89 26 50 53 66 82 85 25 82 12 53 62 81 1 54 59 74 76 80 82 96 97 6 11 64 76 78 79 81 7 29 34 39 53 70 40 2 18 27 40 52 78 98 14 31 48 56 89 90 45 67 9 12 30 39 50 72 42 44 45 77 86 0 39 43 86 1 41 60 61 94 28 53 95 28 58 94 91 93 32 34 76 92 1 12 21 81 97 19 26 49 76 81 96 40 50 85 5 33
values: 5.000 8.000 9.000 8.000 3.000 1.000 5.000 2.000 4.000 3.000 7.000 4.000 2.000 6.000 9.000 7.000 1.000 10.000 2.000 4.000 7.000 6.000 8.000 1.000 2.000 1.000 10.000 2.000 3.000 8.000 10.000 1.000 3.000 7.000 5.000 5.000 8.000 5.000 8.000 6.000 7.000 9.000 7.000 10.000 4.000 3.000 4.000 7.000 1.000 1.000 9.000 10.000 3.000 3.000 2.000 6.000 8.000 8.000 4.000 1.000 1.000 9.000 2.000 6.000 8.000 2.000 9.000 2.000 6.000 7.000 1.000 8.000 4.000 1.000 8.000 1.000 1.000 3.000 2.000 9.000 6.000 7.000 8.000 4.000 2.000 8.000 5.000 5.000 7.000 2.000 2.000 6.000 1.000 7.000 1.000 5.000 5.000 5.000 4.000 10.000 8.000 3.000 8.000 5.000 7.000 3.000 4.000 10.000 1.000 5.000 10.000 8.000 4.000 3.000 10.000 10.000 8.000 4.000 2.000 9.000 1.000 10.000 7.000 8.000 4.000 5.000 1.000 9.000 1.000 4.000 1.000 6.000 9.000 10.000 4.000 7.000 3.000 1.000 3.000 8.000 2.000 8.000 7.000 7.000 2.000 7.000 2.000 6.000 2.000 7.000 9.000 7.000 10.000 1.000 5.000 2.000 6.000 5.000 4.000 4.000 9.000 8.000 4.000 7.000 1.000 5.000 3.000 5.000 4.000 3.000 8.000 10.000 9.000 1.000 1.000 8.000 7.000 1.000 7.000 9.000 1.000 6.000 8.000 3.000 9.000 1.000 8.000 6.000 10.000 1.000 1.000 6.000 6.000 7.000 5.000 2.000 1.000 8.000 10.000 6.000 6.000 5.000 7.000 1.000 10.000 8.000 9.000 8.000 5.000 5.000 7.000 4.000 3.000 6.000 4.000 9.000 8.000 3.000 8.000 5.000 8.000 4.000 4.000 6.000 5.000 4.000 5.000 5.000 7.000 2.000 5.000 6.000 3.000 10.000 10.000 4.000 8.000 4.000 8.000 9.000 4.000 3.000 10.000 8.000 5.000 5.000 9.000 8.000 8.000 7.000 4.000 9.000 3.000 7.000 2.000 10.000 5.000 1.000 7.000 2.000 6.000 3.000 2.000 10.000 1.000 2.000 3.000 8.000 6.000 8.000 3.000 9.000 10.000 2.000 4.000 5.000 5.000 5.000 4.000 6.000 2.000 9.000 3.000 7.000 10.000 5.000 3.000 5.000 9.000 6.000 9.000 4.000 2.000 4.000 10.000 4.000 2.000 7.000 10.000 1.000 7.000 3.000 4.000 10.000 6.000 7.000 2.000 10.000 9.000 3.000 1.000 1.000 4.000 4.000 9.000 1.000 5.000 6.000 5.000 6.000 6.000 8.000 5.000 8.000 1.000 7.000 9.000 10.000 6.000 10.000 7.000 10.000 6.000 10.000 4.000 4.000 10.000 5.000 3.000 1.000 4.000 2.000 4.000 4.000 3.000 1.000 5.000 4.000 4.000 4.000 4.000 4.000 10.000 9.000 7.000 9.000 9.000 7.000 1.000 8.000 4.000 6.000 7.000 6.000 1.000 7.000 8.000 6.000 4.000 7.000 9.000 6.000 8.000 3.000 7.000 6.000 3.000 5.000 4.000 4.000 9.000 6.000 5.000 4.000 1.000 5.000 1.000 9.000 9.000 4.000 6.000 5.000 6.000 9.000 3.000 7.000 9.000 10.000 5.000 10.000 7.000 7.000 5.000 3.000 7.000 4.000 6.000 5.000 8.000 5.000 8.000 7.000 4.000 7.000 7.000 2.000 5.000 1.000 2.000 3.000 4.000 6.000 8.000 6.000 8.000 1.000 10.000 5.000 7.000 7.000 9.000 1.000 4.000 3.000 5.000 10.000 1.000 2.000 9.000 10.000 3.000 10.000 10.000 9.000 7.000 1.000 4.000 9.000 8.000 4.000 6.000 4.000 3.000 7.000 1.000 1.000 6.000 7.000 6.000 4.000 10.000 7.000
Preprocessing (adj-list -> CSR) time: 0.004 ms (not counted)
Execution time (CSR scan): 0.002 ms
(average of 3333 run(s))
Scan checksum: 24206.000
